   1       F               2.18       0.43        1.2       0.75
   2       F               2.05       0.08       1.43       0.55
   3       F               1.05       0.18       0.68       0.08
   4       F               1.95       0.78       1.45       0.75
   5       F               0.28       0.03        0.5       0.05
   6       F               2.63       0.23       2.75        1.6
   7       F                1.5        0.2       1.25       0.65
   8       F               0.45          0        0.4       0.13
   9       F                0.7       0.05       1.18       0.83
   10      F                1.3        0.3       1.43       0.58
   11      F               1.25       0.33       0.45       0.38
   12      F               0.18          0        1.6       0.63
   13      F                3.3        0.9       0.25       0.25
   14      F                1.4       0.24       2.98       1.03
   15      M                0.9       0.15       3.35       1.58
   16      M               0.58        0.1        1.5        0.2
   17      M                2.5       0.33       4.08       1.88
   18      M               2.25       0.33       3.15          2
   19      M               1.53       0.53        0.9       0.25
   20      M               1.43       0.43       1.78       0.18
   21      M               3.48       0.65        3.5       0.85
   22      M                1.8        0.2        2.5       1.15
   23      M                1.5       0.25       2.18       0.93
   24      M               2.55       0.15       2.68       1.05
   25      M                1.3       0.05       2.73       0.85
   26      M               2.65       0.25       3.43       0.88
